PDE  2009  04  07  20  12  55.00  61.4542  -149.74  33.0  4.0  3.6  20090407201255351
event name:      20090407201255351
time shift:      0.0
half duration:   0.0
latitude:        61.4542
longitude:       -149.74
depth:           33.0
Mrr: -7.019865437181719e+22
Mtt: 6.007600085646516e+21
Mpp: 6.419105428617067e+22
Mrt: 6.756552019445844e+21
Mrp: 1.3628638076767232e+21
Mtp: 2.054621743622053e+22